Model: meta-llama/Llama-3.1-8B-Instruct
seq_len 100 | orders from calibration text (not the eval text)
Feasible split range (corrected memory ceiling): L5-L10
Boundaries: top=5, shoulder<=72, mid<=1312

==============================================================================
BYTES PER SPLIT: FROZEN ORDER vs PER-LAYER ORDERS
==============================================================================

--- KL <= 0.05 ---
layer   frozen bytes   per-layer bytes     frozen scheme   per-layer scheme
------------------------------------------------------------------------------
    0         409604            205562                 8          (4, 4, 4)
    1         270912            270912         (8, 8, 4)          (8, 8, 4)
    2         270912            270912         (8, 8, 4)          (8, 8, 4)
    3         208912            208912         (8, 4, 4)          (8, 4, 4)
    4         208912            208912         (8, 4, 4)          (8, 4, 4)
    5         208912            208912         (8, 4, 4)          (8, 4, 4)
    6         208912            208912         (8, 4, 4)          (8, 4, 4)
    7         208912            208912         (8, 4, 4)          (8, 4, 4)
    8         208912            208912         (8, 4, 4)          (8, 4, 4)
    9         208912            208912         (8, 4, 4)          (8, 4, 4)
   10         208912            208912         (8, 4, 4)          (8, 4, 4)
   11         208912            208912         (8, 4, 4)          (8, 4, 4)
   12         208912            205562         (8, 4, 4)          (4, 4, 4)
   16         205562            205562         (4, 4, 4)          (4, 4, 4)
   20         205562            205562         (4, 4, 4)          (4, 4, 4)
   24         270912            205562         (8, 8, 4)          (4, 4, 4)
   28         410112            205562         (8, 8, 8)          (4, 4, 4)
   31         409604            270912                 8          (8, 8, 4)

  FROZEN    : early(L0/L1)    270912 | best mid(L5-10)    208912 | saving  22.89%
  PER-LAYER : early(L0/L1)    205562 | best mid(L5-10)    208912 | saving  -1.63%
  => under the deployable design the split saving is ~0. Bytes do NOT
     select the split point.

--- KL <= 0.1 ---
layer   frozen bytes   per-layer bytes     frozen scheme   per-layer scheme
------------------------------------------------------------------------------
    0         409604            205562                 8          (4, 4, 4)
    1         270912            270912         (8, 8, 4)          (8, 8, 4)
    2         208912            208912         (8, 4, 4)          (8, 4, 4)
    3         208912            208912         (8, 4, 4)          (8, 4, 4)
    4         208912            208912         (8, 4, 4)          (8, 4, 4)
    5         208912            208912         (8, 4, 4)          (8, 4, 4)
    6         208912            208912         (8, 4, 4)          (8, 4, 4)
    7         208912            205562         (8, 4, 4)          (4, 4, 4)
    8         205562            205562         (4, 4, 4)          (4, 4, 4)
    9         205562            205562         (4, 4, 4)          (4, 4, 4)
   10         205562            205562         (4, 4, 4)          (4, 4, 4)
   11         205562            205562         (4, 4, 4)          (4, 4, 4)
   12         205562            205562         (4, 4, 4)          (4, 4, 4)
   16         205562            205562         (4, 4, 4)          (4, 4, 4)
   20         205562            205562         (4, 4, 4)          (4, 4, 4)
   24         205562            205562         (4, 4, 4)          (4, 4, 4)
   28         270912            205562         (8, 8, 4)          (4, 4, 4)
   31         409604            270912                 8          (8, 8, 4)

  FROZEN    : early(L0/L1)    270912 | best mid(L5-10)    205562 | saving  24.12%
  PER-LAYER : early(L0/L1)    205562 | best mid(L5-10)    205562 | saving   0.00%
  => under the deployable design the split saving is ~0. Bytes do NOT
     select the split point.

--- KL <= 0.25 ---
layer   frozen bytes   per-layer bytes     frozen scheme   per-layer scheme
------------------------------------------------------------------------------
    0         409604            205562                 8          (4, 4, 4)
    1         208912            208912         (8, 4, 4)          (8, 4, 4)
    2         208912            208912         (8, 4, 4)          (8, 4, 4)
    3         208912            208912         (8, 4, 4)          (8, 4, 4)
    4         208912            208912         (8, 4, 4)          (8, 4, 4)
    5         205562            205562         (4, 4, 4)          (4, 4, 4)
    6         205562            205562         (4, 4, 4)          (4, 4, 4)
    7         205562            205562         (4, 4, 4)          (4, 4, 4)
    8         205562            205562         (4, 4, 4)          (4, 4, 4)
    9         205562            205562         (4, 4, 4)          (4, 4, 4)
   10         205562            205562         (4, 4, 4)          (4, 4, 4)
   11         205562            205562         (4, 4, 4)          (4, 4, 4)
   12         205562            205562         (4, 4, 4)          (4, 4, 4)
   16         205562            205562         (4, 4, 4)          (4, 4, 4)
   20         205562            205562         (4, 4, 4)          (4, 4, 4)
   24         205562            205562         (4, 4, 4)          (4, 4, 4)
   28         205562            205562         (4, 4, 4)          (4, 4, 4)
   31         409604            270912                 8          (8, 8, 4)

  FROZEN    : early(L0/L1)    208912 | best mid(L5-10)    205562 | saving   1.60%
  PER-LAYER : early(L0/L1)    205562 | best mid(L5-10)    205562 | saving   0.00%
  => under the deployable design the split saving is ~0. Bytes do NOT
     select the split point.

--- KL <= 0.5 ---
layer   frozen bytes   per-layer bytes     frozen scheme   per-layer scheme
------------------------------------------------------------------------------
    0         409604            205562                 8          (4, 4, 4)
    1         208912            208912         (8, 4, 4)          (8, 4, 4)
    2         208912            208912         (8, 4, 4)          (8, 4, 4)
    3         208912            208912         (8, 4, 4)          (8, 4, 4)
    4         205562            205562         (4, 4, 4)          (4, 4, 4)
    5         205562            205562         (4, 4, 4)          (4, 4, 4)
    6         205562            205562         (4, 4, 4)          (4, 4, 4)
    7         205562            205562         (4, 4, 4)          (4, 4, 4)
    8         205562            205562         (4, 4, 4)          (4, 4, 4)
    9         205562            205562         (4, 4, 4)          (4, 4, 4)
   10         205562            205562         (4, 4, 4)          (4, 4, 4)
   11         205562            205562         (4, 4, 4)          (4, 4, 4)
   12         205562            205562         (4, 4, 4)          (4, 4, 4)
   16         205562            205562         (4, 4, 4)          (4, 4, 4)
   20         205562            205562         (4, 4, 4)          (4, 4, 4)
   24         205562            205562         (4, 4, 4)          (4, 4, 4)
   28         205562            205562         (4, 4, 4)          (4, 4, 4)
   31         409604            270912                 8          (8, 8, 4)

  FROZEN    : early(L0/L1)    208912 | best mid(L5-10)    205562 | saving   1.60%
  PER-LAYER : early(L0/L1)    205562 | best mid(L5-10)    205562 | saving   0.00%
  => under the deployable design the split saving is ~0. Bytes do NOT
     select the split point.

--- KL <= 1.0 ---
layer   frozen bytes   per-layer bytes     frozen scheme   per-layer scheme
------------------------------------------------------------------------------
    0         270912            205562         (8, 8, 4)          (4, 4, 4)
    1         208912            208912         (8, 4, 4)          (8, 4, 4)
    2         208912            208912         (8, 4, 4)          (8, 4, 4)
    3         205562            205562         (4, 4, 4)          (4, 4, 4)
    4         205562            205562         (4, 4, 4)          (4, 4, 4)
    5         205562            205562         (4, 4, 4)          (4, 4, 4)
    6         205562            205562         (4, 4, 4)          (4, 4, 4)
    7         205562            205562         (4, 4, 4)          (4, 4, 4)
    8         205562            205562         (4, 4, 4)          (4, 4, 4)
    9         205562            205562         (4, 4, 4)          (4, 4, 4)
   10         205562            205562         (4, 4, 4)          (4, 4, 4)
   11         205562            205562         (4, 4, 4)          (4, 4, 4)
   12         205562            205562         (4, 4, 4)          (4, 4, 4)
   16         205562            205562         (4, 4, 4)          (4, 4, 4)
   20         205562            205562         (4, 4, 4)          (4, 4, 4)
   24         205562            205562         (4, 4, 4)          (4, 4, 4)
   28         205562            205562         (4, 4, 4)          (4, 4, 4)
   31         409604            205562                 8          (4, 4, 4)

  FROZEN    : early(L0/L1)    208912 | best mid(L5-10)    205562 | saving   1.60%
  PER-LAYER : early(L0/L1)    205562 | best mid(L5-10)    205562 | saving   0.00%
  => under the deployable design the split saving is ~0. Bytes do NOT
     select the split point.

==============================================================================
SUMMARY
==============================================================================
  KL<=0.05 : frozen  22.89%   per-layer  -1.63%
  KL<=0.1  : frozen  24.12%   per-layer   0.00%
  KL<=0.25 : frozen   1.60%   per-layer   0.00%
  KL<=0.5  : frozen   1.60%   per-layer   0.00%
  KL<=1.0  : frozen   1.60%   per-layer   0.00%
