Source data: 86,400 records from 300 texts
Text source: Salesforce/wikitext/wikitext-2-raw-v1/test
Layers [0, 1, 2, 3, 4, 5, 6, 7, 8, 9, 10, 11]  |  seq_lens [128, 256, 512]  |  schemes ['grouped(4,4,4)', 'grouped(8,4,4)', 'grouped(8,8,4)', 'grouped(8,8,8)']

==========================================================================================
1. PERCENTILE LOOKUP TABLE  (per-layer ordering, the deployed design)
==========================================================================================
The controller's hardcoded table came from ONE text. These are the actual
distributions. A table built on the MEAN meets the budget for about half
of inputs; a table built on p95 meets it for 95%.

--- seq_len 128 ---
layer           scheme      mean        sd       p50       p95       max  p95/mean
------------------------------------------------------------------------------------------
    0   grouped(4,4,4)   0.14891   0.20929   0.10444   0.31797   2.67328      2.14
    0   grouped(8,4,4)   0.01084   0.00759   0.00919   0.02326   0.09011      2.14
    0   grouped(8,8,4)   0.00293   0.00219   0.00238   0.00582   0.02916      1.99
    0   grouped(8,8,8)   0.00122   0.00045   0.00110   0.00197   0.00475      1.62
    1   grouped(4,4,4)   2.88672   0.55157   2.89605   3.77727   5.19248      1.31
    1   grouped(8,4,4)   0.38814   0.15535   0.35535   0.64737   1.27344      1.67
    1   grouped(8,8,4)   0.01822   0.01074   0.01507   0.03862   0.06935      2.12
    1   grouped(8,8,8)   0.00770   0.00480   0.00640   0.01563   0.05159      2.03
    2   grouped(4,4,4)   1.92553   0.47249   1.90185   2.76234   3.96011      1.43
    2   grouped(8,4,4)   0.13846   0.05972   0.12573   0.26931   0.54810      1.95
    2   grouped(8,8,4)   0.00909   0.00595   0.00757   0.01904   0.06582      2.09
    2   grouped(8,8,8)   0.00454   0.00280   0.00385   0.00871   0.03429      1.92
    3   grouped(4,4,4)   0.78067   0.20482   0.74830   1.19531   1.88568      1.53
    3   grouped(8,4,4)   0.08804   0.03671   0.07852   0.16009   0.28885      1.82
    3   grouped(8,8,4)   0.00501   0.00247   0.00448   0.00912   0.02135      1.82
    3   grouped(8,8,8)   0.00273   0.00108   0.00248   0.00484   0.01022      1.78
    4   grouped(4,4,4)   0.39549   0.10698   0.38612   0.58645   0.82435      1.48
    4   grouped(8,4,4)   0.05254   0.01815   0.04875   0.08984   0.14623      1.71
    4   grouped(8,8,4)   0.00351   0.00130   0.00321   0.00585   0.01144      1.66
    4   grouped(8,8,8)   0.00188   0.00057   0.00178   0.00296   0.00586      1.58
    5   grouped(4,4,4)   0.38099   0.09139   0.37517   0.54072   0.88328      1.42
    5   grouped(8,4,4)   0.03932   0.01219   0.03738   0.06046   0.12485      1.54
    5   grouped(8,8,4)   0.00279   0.00110   0.00259   0.00419   0.01552      1.50
    5   grouped(8,8,8)   0.00150   0.00054   0.00140   0.00213   0.00852      1.42
    6   grouped(4,4,4)   0.30945   0.07615   0.29699   0.45638   0.70829      1.47
    6   grouped(8,4,4)   0.02791   0.00792   0.02671   0.04250   0.06983      1.52
    6   grouped(8,8,4)   0.00231   0.00056   0.00219   0.00317   0.00619      1.37
    6   grouped(8,8,8)   0.00123   0.00029   0.00117   0.00162   0.00409      1.31
    7   grouped(4,4,4)   0.23485   0.05735   0.22690   0.34882   0.47356      1.49
    7   grouped(8,4,4)   0.02182   0.00599   0.02061   0.03294   0.05275      1.51
    7   grouped(8,8,4)   0.00201   0.00055   0.00190   0.00279   0.00838      1.39
    7   grouped(8,8,8)   0.00108   0.00030   0.00104   0.00139   0.00555      1.29
    8   grouped(4,4,4)   0.16422   0.04248   0.15502   0.25036   0.36278      1.52
    8   grouped(8,4,4)   0.01800   0.00416   0.01721   0.02650   0.03555      1.47
    8   grouped(8,8,4)   0.00189   0.00037   0.00184   0.00252   0.00450      1.34
    8   grouped(8,8,8)   0.00099   0.00015   0.00097   0.00127   0.00168      1.28
    9   grouped(4,4,4)   0.14281   0.03601   0.13610   0.21190   0.31210      1.48
    9   grouped(8,4,4)   0.01566   0.00375   0.01491   0.02184   0.03492      1.39
    9   grouped(8,8,4)   0.00182   0.00035   0.00176   0.00251   0.00368      1.38
    9   grouped(8,8,8)   0.00093   0.00013   0.00091   0.00119   0.00163      1.27
   10   grouped(4,4,4)   0.11059   0.02669   0.10429   0.16579   0.21322      1.50
   10   grouped(8,4,4)   0.01052   0.00221   0.01028   0.01456   0.02419      1.38
   10   grouped(8,8,4)   0.00174   0.00028   0.00171   0.00227   0.00304      1.31
   10   grouped(8,8,8)   0.00089   0.00011   0.00088   0.00109   0.00137      1.23
   11   grouped(4,4,4)   0.08704   0.01972   0.08530   0.11869   0.17868      1.36
   11   grouped(8,4,4)   0.00994   0.00221   0.00951   0.01437   0.02358      1.45
   11   grouped(8,8,4)   0.00169   0.00047   0.00162   0.00219   0.00814      1.29
   11   grouped(8,8,8)   0.00084   0.00011   0.00083   0.00103   0.00141      1.23

--- seq_len 256 ---
layer           scheme      mean        sd       p50       p95       max  p95/mean
------------------------------------------------------------------------------------------
    0   grouped(4,4,4)   0.12356   0.13812   0.08862   0.29929   1.39589      2.42
    0   grouped(8,4,4)   0.01029   0.00585   0.00886   0.01895   0.06525      1.84
    0   grouped(8,8,4)   0.00261   0.00133   0.00231   0.00447   0.01378      1.72
    0   grouped(8,8,8)   0.00110   0.00035   0.00102   0.00167   0.00461      1.52
    1   grouped(4,4,4)   3.26322   0.51277   3.27305   4.13609   5.02772      1.27
    1   grouped(8,4,4)   0.44334   0.15472   0.41518   0.71235   1.56202      1.61
    1   grouped(8,8,4)   0.01541   0.00736   0.01302   0.03117   0.05584      2.02
    1   grouped(8,8,8)   0.00687   0.00335   0.00591   0.01253   0.03663      1.82
    2   grouped(4,4,4)   2.13805   0.44239   2.09833   2.83991   4.04202      1.33
    2   grouped(8,4,4)   0.12997   0.04454   0.12083   0.21808   0.37359      1.68
    2   grouped(8,8,4)   0.00786   0.00346   0.00698   0.01390   0.02912      1.77
    2   grouped(8,8,8)   0.00402   0.00154   0.00371   0.00705   0.01181      1.75
    3   grouped(4,4,4)   0.82200   0.18304   0.79764   1.19049   1.68002      1.45
    3   grouped(8,4,4)   0.08283   0.02732   0.07687   0.14112   0.27330      1.70
    3   grouped(8,8,4)   0.00450   0.00156   0.00416   0.00735   0.01701      1.63
    3   grouped(8,8,8)   0.00249   0.00071   0.00236   0.00388   0.00802      1.56
    4   grouped(4,4,4)   0.42128   0.09303   0.41165   0.57365   0.84782      1.36
    4   grouped(8,4,4)   0.04995   0.01390   0.04739   0.07923   0.09728      1.59
    4   grouped(8,8,4)   0.00331   0.00099   0.00315   0.00495   0.00914      1.49
    4   grouped(8,8,8)   0.00180   0.00048   0.00170   0.00255   0.00512      1.42
    5   grouped(4,4,4)   0.41511   0.08504   0.40866   0.56326   0.80913      1.36
    5   grouped(8,4,4)   0.03720   0.00930   0.03539   0.05417   0.08313      1.46
    5   grouped(8,8,4)   0.00258   0.00062   0.00248   0.00348   0.00828      1.35
    5   grouped(8,8,8)   0.00141   0.00027   0.00135   0.00185   0.00301      1.32
    6   grouped(4,4,4)   0.34929   0.07458   0.34338   0.47576   0.70681      1.36
    6   grouped(8,4,4)   0.02706   0.00623   0.02603   0.03975   0.05365      1.47
    6   grouped(8,8,4)   0.00221   0.00039   0.00213   0.00295   0.00390      1.34
    6   grouped(8,8,8)   0.00118   0.00020   0.00114   0.00150   0.00233      1.27
    7   grouped(4,4,4)   0.26321   0.05138   0.25714   0.35716   0.50807      1.36
    7   grouped(8,4,4)   0.02123   0.00478   0.02039   0.03077   0.04508      1.45
    7   grouped(8,8,4)   0.00195   0.00037   0.00190   0.00254   0.00532      1.30
    7   grouped(8,8,8)   0.00102   0.00013   0.00099   0.00125   0.00161      1.23
    8   grouped(4,4,4)   0.17506   0.03600   0.17068   0.24741   0.34613      1.41
    8   grouped(8,4,4)   0.01739   0.00333   0.01687   0.02386   0.03038      1.37
    8   grouped(8,8,4)   0.00187   0.00031   0.00184   0.00242   0.00363      1.30
    8   grouped(8,8,8)   0.00095   0.00012   0.00094   0.00113   0.00167      1.19
    9   grouped(4,4,4)   0.14844   0.02886   0.14476   0.19739   0.28734      1.33
    9   grouped(8,4,4)   0.01497   0.00307   0.01451   0.02022   0.03161      1.35
    9   grouped(8,8,4)   0.00182   0.00031   0.00179   0.00232   0.00357      1.28
    9   grouped(8,8,8)   0.00090   0.00010   0.00088   0.00105   0.00135      1.18
   10   grouped(4,4,4)   0.11348   0.02345   0.10998   0.15572   0.24456      1.37
   10   grouped(8,4,4)   0.01032   0.00195   0.01007   0.01408   0.02005      1.36
   10   grouped(8,8,4)   0.00175   0.00024   0.00173   0.00216   0.00272      1.24
   10   grouped(8,8,8)   0.00085   0.00009   0.00084   0.00101   0.00115      1.19
   11   grouped(4,4,4)   0.08908   0.01755   0.08708   0.11696   0.19867      1.31
   11   grouped(8,4,4)   0.00984   0.00201   0.00941   0.01369   0.01835      1.39
   11   grouped(8,8,4)   0.00170   0.00027   0.00166   0.00220   0.00289      1.29
   11   grouped(8,8,8)   0.00081   0.00009   0.00080   0.00096   0.00122      1.19

--- seq_len 512 ---
layer           scheme      mean        sd       p50       p95       max  p95/mean
------------------------------------------------------------------------------------------
    0   grouped(4,4,4)   0.10159   0.11359   0.07632   0.20476   1.15942      2.02
    0   grouped(8,4,4)   0.00938   0.00356   0.00852   0.01695   0.02630      1.81
    0   grouped(8,8,4)   0.00246   0.00085   0.00227   0.00408   0.00709      1.66
    0   grouped(8,8,8)   0.00103   0.00024   0.00099   0.00144   0.00349      1.39
    1   grouped(4,4,4)   3.58044   0.47967   3.57372   4.35082   4.91355      1.22
    1   grouped(8,4,4)   0.51858   0.15724   0.49403   0.81055   1.64655      1.56
    1   grouped(8,8,4)   0.01300   0.00463   0.01185   0.02258   0.03720      1.74
    1   grouped(8,8,8)   0.00609   0.00216   0.00572   0.00935   0.02079      1.53
    2   grouped(4,4,4)   2.31450   0.40083   2.32512   2.99563   4.21096      1.29
    2   grouped(8,4,4)   0.12332   0.03264   0.11623   0.19093   0.24314      1.55
    2   grouped(8,8,4)   0.00668   0.00214   0.00624   0.01078   0.01913      1.61
    2   grouped(8,8,8)   0.00357   0.00104   0.00339   0.00546   0.00862      1.53
    3   grouped(4,4,4)   0.88373   0.17935   0.85006   1.23313   1.53433      1.40
    3   grouped(8,4,4)   0.07837   0.02020   0.07357   0.12172   0.20413      1.55
    3   grouped(8,8,4)   0.00411   0.00115   0.00385   0.00643   0.00916      1.56
    3   grouped(8,8,8)   0.00231   0.00052   0.00224   0.00333   0.00541      1.44
    4   grouped(4,4,4)   0.43922   0.08711   0.43572   0.58697   0.75234      1.34
    4   grouped(8,4,4)   0.04700   0.01091   0.04515   0.06649   0.10162      1.41
    4   grouped(8,8,4)   0.00306   0.00073   0.00294   0.00412   0.00852      1.35
    4   grouped(8,8,8)   0.00170   0.00035   0.00163   0.00237   0.00457      1.39
    5   grouped(4,4,4)   0.43691   0.07864   0.42756   0.57618   0.73605      1.32
    5   grouped(8,4,4)   0.03447   0.00649   0.03370   0.04581   0.06340      1.33
    5   grouped(8,8,4)   0.00246   0.00048   0.00234   0.00335   0.00531      1.36
    5   grouped(8,8,8)   0.00135   0.00022   0.00132   0.00170   0.00323      1.26
    6   grouped(4,4,4)   0.37492   0.07390   0.36665   0.51246   0.69058      1.37
    6   grouped(8,4,4)   0.02532   0.00476   0.02488   0.03402   0.05677      1.34
    6   grouped(8,8,4)   0.00214   0.00032   0.00210   0.00268   0.00367      1.26
    6   grouped(8,8,8)   0.00115   0.00015   0.00112   0.00140   0.00192      1.22
    7   grouped(4,4,4)   0.27622   0.04408   0.27312   0.35716   0.45300      1.29
    7   grouped(8,4,4)   0.01982   0.00367   0.01928   0.02552   0.04168      1.29
    7   grouped(8,8,4)   0.00194   0.00030   0.00190   0.00239   0.00393      1.23
    7   grouped(8,8,8)   0.00100   0.00013   0.00098   0.00117   0.00225      1.17
    8   grouped(4,4,4)   0.17700   0.03100   0.17389   0.22670   0.31344      1.28
    8   grouped(8,4,4)   0.01662   0.00297   0.01630   0.02191   0.03371      1.32
    8   grouped(8,8,4)   0.00186   0.00026   0.00181   0.00234   0.00333      1.26
    8   grouped(8,8,8)   0.00094   0.00010   0.00093   0.00110   0.00170      1.17
    9   grouped(4,4,4)   0.14811   0.02322   0.14710   0.18560   0.27097      1.25
    9   grouped(8,4,4)   0.01412   0.00266   0.01368   0.01881   0.03537      1.33
    9   grouped(8,8,4)   0.00180   0.00024   0.00178   0.00229   0.00299      1.27
    9   grouped(8,8,8)   0.00090   0.00009   0.00089   0.00103   0.00148      1.15
   10   grouped(4,4,4)   0.11209   0.01901   0.11031   0.14283   0.21045      1.27
   10   grouped(8,4,4)   0.00991   0.00165   0.00966   0.01318   0.01898      1.33
   10   grouped(8,8,4)   0.00177   0.00024   0.00173   0.00220   0.00338      1.24
   10   grouped(8,8,8)   0.00085   0.00007   0.00085   0.00098   0.00122      1.15
   11   grouped(4,4,4)   0.08885   0.01369   0.08840   0.11128   0.16582      1.25
   11   grouped(8,4,4)   0.00945   0.00167   0.00923   0.01223   0.02160      1.29
   11   grouped(8,8,4)   0.00173   0.00025   0.00169   0.00216   0.00317      1.25
   11   grouped(8,8,8)   0.00080   0.00008   0.00080   0.00091   0.00120      1.13

==========================================================================================
2. WHAT THE TABLE CHANGE COSTS: scheme picked on MEAN vs on p95
==========================================================================================
A controller selecting on the mean will violate the budget for roughly
half its inputs. Selecting on p95 is honest but may force a dearer scheme.

--- seq_len 128 ---
layer                           KL<=0.05                           KL<=0.1                          KL<=0.25
                on mean           on p95          on mean           on p95          on mean           on p95
------------------------------------------------------------------------------------------
    0    grouped(8,4,4)   grouped(8,4,4)   grouped(8,4,4)   grouped(8,4,4)   grouped(4,4,4)   grouped(8,4,4)
    1    grouped(8,8,4)   grouped(8,8,4)   grouped(8,8,4)   grouped(8,8,4)   grouped(8,8,4)   grouped(8,8,4)
    2    grouped(8,8,4)   grouped(8,8,4)   grouped(8,8,4)   grouped(8,8,4)   grouped(8,4,4)   grouped(8,8,4)
    3    grouped(8,8,4)   grouped(8,8,4)   grouped(8,4,4)   grouped(8,8,4)   grouped(8,4,4)   grouped(8,4,4)
    4    grouped(8,8,4)   grouped(8,8,4)   grouped(8,4,4)   grouped(8,4,4)   grouped(8,4,4)   grouped(8,4,4)
    5    grouped(8,4,4)   grouped(8,8,4)   grouped(8,4,4)   grouped(8,4,4)   grouped(8,4,4)   grouped(8,4,4)
    6    grouped(8,4,4)   grouped(8,4,4)   grouped(8,4,4)   grouped(8,4,4)   grouped(8,4,4)   grouped(8,4,4)
    7    grouped(8,4,4)   grouped(8,4,4)   grouped(8,4,4)   grouped(8,4,4)   grouped(4,4,4)   grouped(8,4,4)
    8    grouped(8,4,4)   grouped(8,4,4)   grouped(8,4,4)   grouped(8,4,4)   grouped(4,4,4)   grouped(8,4,4)
    9    grouped(8,4,4)   grouped(8,4,4)   grouped(8,4,4)   grouped(8,4,4)   grouped(4,4,4)   grouped(4,4,4)
   10    grouped(8,4,4)   grouped(8,4,4)   grouped(8,4,4)   grouped(8,4,4)   grouped(4,4,4)   grouped(4,4,4)
   11    grouped(8,4,4)   grouped(8,4,4)   grouped(4,4,4)   grouped(8,4,4)   grouped(4,4,4)   grouped(4,4,4)

--- seq_len 256 ---
layer                           KL<=0.05                           KL<=0.1                          KL<=0.25
                on mean           on p95          on mean           on p95          on mean           on p95
------------------------------------------------------------------------------------------
    0    grouped(8,4,4)   grouped(8,4,4)   grouped(8,4,4)   grouped(8,4,4)   grouped(4,4,4)   grouped(8,4,4)
    1    grouped(8,8,4)   grouped(8,8,4)   grouped(8,8,4)   grouped(8,8,4)   grouped(8,8,4)   grouped(8,8,4)
    2    grouped(8,8,4)   grouped(8,8,4)   grouped(8,8,4)   grouped(8,8,4)   grouped(8,4,4)   grouped(8,4,4)
    3    grouped(8,8,4)   grouped(8,8,4)   grouped(8,4,4)   grouped(8,8,4)   grouped(8,4,4)   grouped(8,4,4)
    4    grouped(8,4,4)   grouped(8,8,4)   grouped(8,4,4)   grouped(8,4,4)   grouped(8,4,4)   grouped(8,4,4)
    5    grouped(8,4,4)   grouped(8,8,4)   grouped(8,4,4)   grouped(8,4,4)   grouped(8,4,4)   grouped(8,4,4)
    6    grouped(8,4,4)   grouped(8,4,4)   grouped(8,4,4)   grouped(8,4,4)   grouped(8,4,4)   grouped(8,4,4)
    7    grouped(8,4,4)   grouped(8,4,4)   grouped(8,4,4)   grouped(8,4,4)   grouped(8,4,4)   grouped(8,4,4)
    8    grouped(8,4,4)   grouped(8,4,4)   grouped(8,4,4)   grouped(8,4,4)   grouped(4,4,4)   grouped(4,4,4)
    9    grouped(8,4,4)   grouped(8,4,4)   grouped(8,4,4)   grouped(8,4,4)   grouped(4,4,4)   grouped(4,4,4)
   10    grouped(8,4,4)   grouped(8,4,4)   grouped(8,4,4)   grouped(8,4,4)   grouped(4,4,4)   grouped(4,4,4)
   11    grouped(8,4,4)   grouped(8,4,4)   grouped(4,4,4)   grouped(8,4,4)   grouped(4,4,4)   grouped(4,4,4)

--- seq_len 512 ---
layer                           KL<=0.05                           KL<=0.1                          KL<=0.25
                on mean           on p95          on mean           on p95          on mean           on p95
------------------------------------------------------------------------------------------
    0    grouped(8,4,4)   grouped(8,4,4)   grouped(8,4,4)   grouped(8,4,4)   grouped(4,4,4)   grouped(4,4,4)
    1    grouped(8,8,4)   grouped(8,8,4)   grouped(8,8,4)   grouped(8,8,4)   grouped(8,8,4)   grouped(8,8,4)
    2    grouped(8,8,4)   grouped(8,8,4)   grouped(8,8,4)   grouped(8,8,4)   grouped(8,4,4)   grouped(8,4,4)
    3    grouped(8,8,4)   grouped(8,8,4)   grouped(8,4,4)   grouped(8,8,4)   grouped(8,4,4)   grouped(8,4,4)
    4    grouped(8,4,4)   grouped(8,8,4)   grouped(8,4,4)   grouped(8,4,4)   grouped(8,4,4)   grouped(8,4,4)
    5    grouped(8,4,4)   grouped(8,4,4)   grouped(8,4,4)   grouped(8,4,4)   grouped(8,4,4)   grouped(8,4,4)
    6    grouped(8,4,4)   grouped(8,4,4)   grouped(8,4,4)   grouped(8,4,4)   grouped(8,4,4)   grouped(8,4,4)
    7    grouped(8,4,4)   grouped(8,4,4)   grouped(8,4,4)   grouped(8,4,4)   grouped(8,4,4)   grouped(8,4,4)
    8    grouped(8,4,4)   grouped(8,4,4)   grouped(8,4,4)   grouped(8,4,4)   grouped(4,4,4)   grouped(4,4,4)
    9    grouped(8,4,4)   grouped(8,4,4)   grouped(8,4,4)   grouped(8,4,4)   grouped(4,4,4)   grouped(4,4,4)
   10    grouped(8,4,4)   grouped(8,4,4)   grouped(8,4,4)   grouped(8,4,4)   grouped(4,4,4)   grouped(4,4,4)
   11    grouped(8,4,4)   grouped(8,4,4)   grouped(4,4,4)   grouped(8,4,4)   grouped(4,4,4)   grouped(4,4,4)

==========================================================================================
3. SEQUENCE LENGTH EFFECT
==========================================================================================
Mean KL at each length, per-layer ordering. If KL grows with length, the
lookup table needs a length dimension - it currently has none.

--- grouped(4,4,4) ---
layer       seq 128       seq 256       seq 512     512/128
----------------------------------------------------------------------
    0       0.14891       0.12356       0.10159        0.68
    1       2.88672       3.26322       3.58044        1.24
    2       1.92553       2.13805       2.31450        1.20
    3       0.78067       0.82200       0.88373        1.13
    4       0.39549       0.42128       0.43922        1.11
    5       0.38099       0.41511       0.43691        1.15
    6       0.30945       0.34929       0.37492        1.21
    7       0.23485       0.26321       0.27622        1.18
    8       0.16422       0.17506       0.17700        1.08
    9       0.14281       0.14844       0.14811        1.04
   10       0.11059       0.11348       0.11209        1.01
   11       0.08704       0.08908       0.08885        1.02

--- grouped(8,4,4) ---
layer       seq 128       seq 256       seq 512     512/128
----------------------------------------------------------------------
    0       0.01084       0.01029       0.00938        0.86
    1       0.38814       0.44334       0.51858        1.34
    2       0.13846       0.12997       0.12332        0.89
    3       0.08804       0.08283       0.07837        0.89
    4       0.05254       0.04995       0.04700        0.89
    5       0.03932       0.03720       0.03447        0.88
    6       0.02791       0.02706       0.02532        0.91
    7       0.02182       0.02123       0.01982        0.91
    8       0.01800       0.01739       0.01662        0.92
    9       0.01566       0.01497       0.01412        0.90
   10       0.01052       0.01032       0.00991        0.94
   11       0.00994       0.00984       0.00945        0.95

--- grouped(8,8,4) ---
layer       seq 128       seq 256       seq 512     512/128
----------------------------------------------------------------------
    0       0.00293       0.00261       0.00246        0.84
    1       0.01822       0.01541       0.01300        0.71
    2       0.00909       0.00786       0.00668        0.73
    3       0.00501       0.00450       0.00411        0.82
    4       0.00351       0.00331       0.00306        0.87
    5       0.00279       0.00258       0.00246        0.88
    6       0.00231       0.00221       0.00214        0.93
    7       0.00201       0.00195       0.00194        0.96
    8       0.00189       0.00187       0.00186        0.98
    9       0.00182       0.00182       0.00180        0.99
   10       0.00174       0.00175       0.00177        1.02
   11       0.00169       0.00170       0.00173        1.02

--- grouped(8,8,8) ---
layer       seq 128       seq 256       seq 512     512/128
----------------------------------------------------------------------
    0       0.00122       0.00110       0.00103        0.85
    1       0.00770       0.00687       0.00609        0.79
    2       0.00454       0.00402       0.00357        0.79
    3       0.00273       0.00249       0.00231        0.85
    4       0.00188       0.00180       0.00170        0.90
    5       0.00150       0.00141       0.00135        0.90
    6       0.00123       0.00118       0.00115        0.93
    7       0.00108       0.00102       0.00100        0.93
    8       0.00099       0.00095       0.00094        0.95
    9       0.00093       0.00090       0.00090        0.96
   10       0.00089       0.00085       0.00085        0.96
   11       0.00084       0.00081       0.00080        0.96

==========================================================================================
4. THE PREDICTOR QUESTION: correlation WITHIN a fixed cell
==========================================================================================
Each row is one (seq_len, layer, scheme) cell with n=300 texts. A strong
|r| here means a cheap statistic could predict per-input quality cost at
runtime. Pooled correlation is reported afterwards for contrast - it will
look better and mean less.

seq_len 256, per-layer ordering
layer           scheme     kurtosis        skew     top1pct     top5pct top5_channe     max_abs    mean_abs max_over_me         std     ref_ppl
------------------------------------------------------------------------------------------
    0   grouped(4,4,4)       -0.056      -0.072      -0.041      -0.040      -0.048         nan       0.078      -0.076       0.058       0.053
    0   grouped(8,4,4)       -0.002      -0.001       0.082       0.119       0.066         nan      -0.028       0.032       0.007      -0.024
    0   grouped(8,8,4)       -0.064      -0.059       0.014       0.048      -0.001         nan       0.012      -0.008       0.070       0.011
    0   grouped(8,8,8)        0.043       0.049       0.023       0.044       0.018         nan      -0.062       0.065      -0.040       0.015
    1   grouped(4,4,4)        0.098      -0.098      -0.082      -0.082      -0.082         nan      -0.062       0.060      -0.098       0.104
    1   grouped(8,4,4)        0.101      -0.102      -0.101      -0.101      -0.101         nan      -0.030       0.039      -0.101       0.249
    1   grouped(8,8,4)        0.073      -0.073      -0.067      -0.067      -0.067         nan      -0.034       0.040      -0.073      -0.007
    1   grouped(8,8,8)        0.239      -0.240       0.094       0.094       0.094         nan      -0.194       0.202      -0.238       0.089
    2   grouped(4,4,4)       -0.002       0.003      -0.102      -0.101      -0.102         nan       0.038      -0.037       0.002       0.188
    2   grouped(8,4,4)        0.135      -0.133      -0.130      -0.130      -0.130         nan       0.019      -0.018      -0.135       0.046
    2   grouped(8,8,4)        0.187      -0.188      -0.015      -0.014      -0.015         nan      -0.074       0.076      -0.187       0.056
    2   grouped(8,8,8)        0.204      -0.205       0.053       0.053       0.053         nan      -0.092       0.094      -0.204       0.050
    3   grouped(4,4,4)        0.218      -0.218       0.143       0.143       0.143         nan      -0.208       0.212      -0.218       0.273
    3   grouped(8,4,4)        0.199      -0.198       0.036       0.035       0.036         nan      -0.098       0.100      -0.199       0.047
    3   grouped(8,8,4)        0.188      -0.189       0.012       0.012       0.012         nan      -0.090       0.092      -0.188       0.096
    3   grouped(8,8,8)        0.199      -0.200       0.053       0.054       0.053         nan      -0.117       0.121      -0.199       0.146
    4   grouped(4,4,4)        0.163      -0.162       0.195       0.196       0.195         nan      -0.279       0.280      -0.163       0.377
    4   grouped(8,4,4)        0.212      -0.211       0.066       0.067       0.066         nan      -0.070       0.073      -0.212       0.028
    4   grouped(8,8,4)        0.203      -0.202       0.061       0.063       0.061         nan      -0.068       0.069      -0.203       0.016
    4   grouped(8,8,8)        0.216      -0.214       0.087       0.085       0.087         nan      -0.087       0.088      -0.216       0.129
    5   grouped(4,4,4)        0.325      -0.323       0.311       0.311       0.311         nan      -0.386       0.386      -0.325       0.382
    5   grouped(8,4,4)        0.161      -0.162      -0.079      -0.080      -0.079         nan       0.032      -0.032      -0.161       0.018
    5   grouped(8,8,4)        0.223      -0.224      -0.045      -0.050      -0.045         nan      -0.012       0.015      -0.223       0.097
    5   grouped(8,8,8)        0.122      -0.122      -0.099      -0.100      -0.099         nan       0.026      -0.025      -0.122       0.048
    6   grouped(4,4,4)        0.229      -0.230       0.189       0.196       0.189         nan      -0.312       0.314      -0.229       0.391
    6   grouped(8,4,4)        0.152      -0.154      -0.053      -0.054      -0.053         nan       0.016      -0.014      -0.152       0.038
    6   grouped(8,8,4)        0.146      -0.148      -0.136      -0.140      -0.136         nan       0.071      -0.067      -0.145      -0.018
    6   grouped(8,8,8)        0.090      -0.091      -0.097      -0.097      -0.097         nan       0.046      -0.042      -0.090       0.107
    7   grouped(4,4,4)        0.180      -0.184      -0.003      -0.008      -0.003         nan      -0.082       0.085      -0.180       0.226
    7   grouped(8,4,4)        0.095      -0.096      -0.078      -0.078      -0.078         nan       0.028      -0.027      -0.095       0.035
    7   grouped(8,8,4)        0.027      -0.030      -0.182      -0.189      -0.182         nan       0.143      -0.141      -0.027       0.208
    7   grouped(8,8,8)        0.023      -0.025      -0.111      -0.112      -0.111         nan       0.083      -0.082      -0.023       0.110
    8   grouped(4,4,4)        0.147      -0.152      -0.108      -0.116      -0.108         nan       0.060      -0.057      -0.147       0.140
    8   grouped(8,4,4)        0.059      -0.062      -0.130      -0.128      -0.130         nan       0.087      -0.085      -0.058       0.083
    8   grouped(8,8,4)       -0.010       0.005      -0.251      -0.255      -0.251         nan       0.196      -0.194       0.010       0.082
    8   grouped(8,8,8)        0.044      -0.047      -0.085      -0.084      -0.085         nan       0.068      -0.067      -0.044       0.114
    9   grouped(4,4,4)        0.175      -0.182      -0.113      -0.123      -0.113         nan       0.070      -0.068      -0.175       0.162
    9   grouped(8,4,4)        0.095      -0.102      -0.193      -0.191      -0.193         nan       0.149      -0.147      -0.095       0.008
    9   grouped(8,8,4)        0.035      -0.042      -0.242      -0.250      -0.242         nan       0.218      -0.217      -0.035       0.007
    9   grouped(8,8,8)        0.041      -0.046      -0.088      -0.096      -0.088         nan       0.139      -0.139      -0.041      -0.052
   10   grouped(4,4,4)        0.168      -0.174      -0.064      -0.069      -0.064         nan       0.039      -0.036      -0.167       0.052
   10   grouped(8,4,4)        0.116      -0.122      -0.157      -0.152      -0.157         nan       0.136      -0.134      -0.116       0.053
   10   grouped(8,8,4)        0.021      -0.028      -0.305      -0.305      -0.305         nan       0.244      -0.244      -0.021       0.020
   10   grouped(8,8,8)        0.055      -0.059      -0.091      -0.095      -0.091         nan       0.091      -0.091      -0.055      -0.006
   11   grouped(4,4,4)        0.234      -0.240      -0.013      -0.021      -0.013         nan       0.008      -0.004      -0.234       0.067
   11   grouped(8,4,4)        0.225      -0.232      -0.109      -0.105      -0.109         nan       0.074      -0.072      -0.225      -0.004
   11   grouped(8,8,4)        0.179      -0.186      -0.194      -0.196      -0.194         nan       0.157      -0.155      -0.179       0.044
   11   grouped(8,8,8)        0.141      -0.146      -0.013      -0.019      -0.013         nan       0.017      -0.014      -0.141      -0.053

Strongest |r| achieved by each predictor, across all cells:
                 ref_ppl: 0.391
                mean_abs: 0.386
           max_over_mean: 0.386
                     std: 0.325
                kurtosis: 0.325
                    skew: 0.323
                 top1pct: 0.311
     top5_channels_share: 0.311
                 top5pct: 0.311
                 max_abs: 0.000

Pooled across all layers (the misleading comparison):
                kurtosis:  0.123
                    skew: -0.110
                 top1pct:  0.301
                 top5pct:  0.314
     top5_channels_share:  0.233
                 max_abs:  0.083
                mean_abs: -0.287
           max_over_mean:  0.442
                     std:  0.072
                 ref_ppl:  0.013

==========================================================================================
5. FROZEN vs PER-LAYER ORDERING  (300 texts, previously 2)
==========================================================================================
  seq layer           scheme   mean KL froz   mean KL own    ratio
------------------------------------------------------------------------------------------
  256     0   grouped(4,4,4)       13.72683       0.12356   111.10
  256     0   grouped(8,4,4)        7.70312       0.01029   748.64
  256     0   grouped(8,8,4)        0.73766       0.00261   282.80
  256     0   grouped(8,8,8)        0.03035       0.00110    27.64
  256     1   grouped(4,4,4)        3.63742       3.26322     1.11
  256     1   grouped(8,4,4)        0.51648       0.44334     1.16
  256     1   grouped(8,8,4)        0.01740       0.01541     1.13
  256     1   grouped(8,8,8)        0.00688       0.00687     1.00
  256     2   grouped(4,4,4)        2.13805       2.13805     1.00
  256     2   grouped(8,4,4)        0.12997       0.12997     1.00
  256     2   grouped(8,8,4)        0.00786       0.00786     1.00
  256     2   grouped(8,8,8)        0.00402       0.00402     1.00
  256     3   grouped(4,4,4)        0.84651       0.82200     1.03
  256     3   grouped(8,4,4)        0.08686       0.08283     1.05
  256     3   grouped(8,8,4)        0.00687       0.00450     1.52
  256     3   grouped(8,8,8)        0.00253       0.00249     1.02
  256     4   grouped(4,4,4)        0.47069       0.42128     1.12
  256     4   grouped(8,4,4)        0.06201       0.04995     1.24
  256     4   grouped(8,8,4)        0.00632       0.00331     1.91
  256     4   grouped(8,8,8)        0.00179       0.00180     1.00
  256     5   grouped(4,4,4)        0.49895       0.41511     1.20
  256     5   grouped(8,4,4)        0.05170       0.03720     1.39
  256     5   grouped(8,8,4)        0.00543       0.00258     2.11
  256     5   grouped(8,8,8)        0.00147       0.00141     1.05
  256     6   grouped(4,4,4)        0.42940       0.34929     1.23
  256     6   grouped(8,4,4)        0.04445       0.02706     1.64
  256     6   grouped(8,8,4)        0.00527       0.00221     2.38
  256     6   grouped(8,8,8)        0.00122       0.00118     1.04
  256     7   grouped(4,4,4)        0.30507       0.26321     1.16
  256     7   grouped(8,4,4)        0.03627       0.02123     1.71
  256     7   grouped(8,8,4)        0.00521       0.00195     2.68
  256     7   grouped(8,8,8)        0.00105       0.00102     1.04
  256     8   grouped(4,4,4)        0.20625       0.17506     1.18
  256     8   grouped(8,4,4)        0.03398       0.01739     1.95
  256     8   grouped(8,8,4)        0.00544       0.00187     2.92
  256     8   grouped(8,8,8)        0.00098       0.00095     1.04
  256     9   grouped(4,4,4)        0.17943       0.14844     1.21
  256     9   grouped(8,4,4)        0.03201       0.01497     2.14
  256     9   grouped(8,8,4)        0.00621       0.00182     3.41
  256     9   grouped(8,8,8)        0.00094       0.00090     1.05
  256    10   grouped(4,4,4)        0.15814       0.11348     1.39
  256    10   grouped(8,4,4)        0.04119       0.01032     3.99
  256    10   grouped(8,8,4)        0.00720       0.00175     4.12
  256    10   grouped(8,8,8)        0.00092       0.00085     1.08
  256    11   grouped(4,4,4)        0.12696       0.08908     1.43
  256    11   grouped(8,4,4)        0.03890       0.00984     3.95
  256    11   grouped(8,8,4)        0.00701       0.00170     4.12
  256    11   grouped(8,8,8)        0.00086       0.00081     1.07

==========================================================================================
VERDICT
==========================================================================================
Best within-cell predictor: ref_ppl, |r| = 0.391

  NO usable within-cell correlation. Quality cost varies substantially
  across inputs, but none of these cheap statistics tracks it. A
  runtime hardness predictor built on them is not viable.
  => the p95 lookup table is the correct answer: it does not need to
     detect hard inputs, it simply budgets for them.

